1.558004 -0.582376 0.239514 
-3.002373 -2.005300 0.750979 
1.447779 -2.044742 -1.245690 
1.311264 -3.103834 -2.633445 
-1.525099 -0.481818 2.210094 
-1.792936 -1.380031 -1.098945 
-1.971826 -0.057356 -1.834304 
-2.934519 -2.193429 0.840383 
-1.910488 0.409143 -1.256012 
0.512881 -1.279953 -0.834505 
0.166787 -0.451122 -0.757284 
-2.170792 0.298702 1.543868 
1.470721 -0.257261 -0.932933 
0.256055 -0.890013 -2.009219 
-0.099242 3.209527 1.797547 
-1.192169 0.945695 -1.203291 
-3.232628 1.744301 -2.444901 
-2.906919 1.450999 0.417854 
-2.198468 1.958140 0.116225 
-0.266301 0.774053 0.110429 
0.947974 -0.156625 -1.896629 
-1.920448 -0.107000 -0.809849 
1.774255 0.241448 -0.866328 
1.249188 -1.540988 -1.789361 
0.842359 0.685632 1.578821 
0.175173 0.344430 -0.407562 
-0.587778 1.492626 -1.354187 
-0.738348 -0.192616 0.457975 
0.400016 1.272094 0.427954 
1.915377 0.156807 -0.722366 
1.300019 -0.218237 -1.442174 
-1.382040 -0.932054 2.139212 
2.729320 -1.238475 -1.288793 
0.317814 -3.697092 -3.163251 
-0.063990 1.935817 2.322461 
-0.603374 -0.310431 -2.122264 
-4.130524 1.525972 -3.317009 
-4.526183 -0.945452 0.266498 
-1.461258 0.459454 -1.425965 
-0.736982 -0.882674 0.480954 
0.968737 -0.779119 -1.124528 
-0.725692 -1.486448 0.201798 
2.577827 -0.710799 -1.865028 
0.870275 -2.817534 -1.282278 
0.616296 -0.667869 2.509202 
-0.194718 -1.074828 -1.208065 
0.746701 -0.270829 -1.460135 
0.059780 -0.710143 0.581809 
0.364673 -0.311799 -0.484565 
1.660012 -0.442995 -0.456738 
1.364830 0.610767 0.334708 
-3.013344 -0.249433 1.184293 
1.864801 -0.751510 -1.278752 
1.038836 -1.178683 -3.058309 
-0.366459 0.366506 1.989185 
-1.848314 -0.388825 0.691577 
-1.975152 1.238462 -1.337186 
-1.970069 -0.132200 0.549670 
-1.413113 1.156041 -0.992819 
0.897480 0.828421 -1.597061 
2.332868 -3.223853 1.001609 
-1.763719 -2.308843 2.806321 
1.489283 -3.948556 -0.665157 
1.446524 -5.308443 -1.957299 
-1.072834 0.149828 2.078846 
-0.184932 -1.483048 -0.184667 
-5.023182 -1.049758 -2.893401 
-4.369603 -0.845815 -0.030551 
-2.137098 -0.408498 0.336164 
-0.998808 -2.736720 -0.181197 
2.862130 -1.254925 -1.466337 
-0.744519 -0.683300 0.792713 
2.207222 -0.612469 -1.823236 
1.573496 -3.197856 -2.128895 
-0.781718 1.561303 1.807969 
0.334259 -0.369850 -1.661045 
-1.865793 0.093556 -1.549565 
-2.563906 -1.079166 0.388932 
-1.597531 0.490168 -0.639414 
0.938768 -0.649805 -0.862568 
1.607255 -1.372194 -0.004401 
-2.487252 -1.855981 2.178398 
1.375123 -2.768838 -1.135712 
1.192517 -3.420735 -2.852973 
-1.009410 0.865394 2.249880 
-0.661969 -0.979555 -1.813233 
-3.426540 0.962295 -2.931892 
-4.945942 -2.010170 0.076613 
-2.063797 0.901720 -1.228086 
0.482621 -1.887467 0.348386 
1.694207 -0.821419 -0.657015 
-2.499149 -1.340064 0.770109 
1.797740 -1.212587 -1.322816 
0.918181 -3.088875 -3.029795 
-1.133002 0.759108 2.555889 
-1.011727 -0.538827 -1.446211 
-2.188119 0.522000 -2.396458 
-2.374151 -2.090652 0.521296 
-1.974869 0.883265 -0.475279 
0.400887 -0.991736 -0.007243 
1.610580 -0.864222 -0.824095 
-3.537448 -0.511007 1.701611 
1.302413 -0.545893 -1.557806 
1.320678 -2.831773 -2.829485 
-1.876926 2.570399 2.470680 
-0.441795 -0.091833 -1.953867 
-3.599685 2.255033 -3.241246 
-3.844788 0.309232 0.271413 
-2.574064 2.007511 -0.731965 
0.341587 -0.297851 0.179313 
1.964387 -0.222386 0.437770 
-0.548005 -1.790901 1.325160 
3.502502 -1.129302 -1.151839 
1.679468 -1.826790 -2.164288 
0.294278 0.715021 2.554377 
-0.348368 -0.729342 -1.089405 
-0.117290 0.901529 -1.672413 
-0.024852 -1.899011 0.711947 
-0.312325 0.399693 -0.597796 
1.602626 -0.607774 -0.504711 
0.737855 -0.870866 -1.210823 
-0.911478 -2.263747 0.394526 
2.314029 -0.858909 -1.059588 
-0.252310 -2.188485 -1.730685 
0.409530 -0.731286 2.753196 
0.014020 -1.450002 -1.179460 
-0.088769 -0.081632 -1.420932 
-0.134211 -1.668215 1.148188 
0.013012 -1.274930 0.128098 
0.730017 -0.572101 -0.555103 
0.261857 0.817779 -1.023058 
-1.172790 -0.413973 0.417022 
2.303307 -0.057350 -1.010444 
0.110194 -1.071291 -1.465734 
0.621717 0.522692 1.927741 
-0.250841 0.055728 -1.303576 
0.452305 1.101491 -1.410349 
-1.070393 -0.269583 0.352049 
-0.649529 0.239233 -0.024726 
1.215662 0.527589 -1.205892 
0.172537 0.907310 -0.974229 
-2.406856 0.547909 0.519519 
1.121251 0.790677 -1.413762 
0.104145 -1.050962 -2.323303 
-0.860832 2.037415 1.975787 
-1.531747 0.334002 -1.076096 
-1.950552 1.526170 -1.870070 
-2.493526 0.191579 0.040122 
-1.872452 1.879019 -0.236477 
-0.130002 1.234563 0.082112 
1.026498 0.119998 0.408705 
-3.254837 -0.438416 0.868616 
0.854456 -0.863923 -2.166102 
0.494098 -1.449301 -2.458716 
-1.445844 1.089173 2.021638 
-1.995940 -0.485050 -0.802867 
-1.450107 0.751848 -1.779343 
-2.802983 -0.245251 -0.231360 
-2.418116 0.979537 -0.720817 
0.537334 0.258321 -0.997795 
1.364284 -1.864157 0.712417 
-2.456205 -2.155573 1.848269 
1.694259 -2.641943 -0.924461 
0.649101 -3.936423 -2.377342 
-0.687408 -0.352053 2.519963 
-2.532662 -1.564729 -0.647660 
-3.310234 -1.000683 -1.349073 
-3.434298 -2.097927 -0.739079 
-2.067729 -1.247092 0.617460 
0.598628 -1.771541 -0.171931 
1.000370 0.814537 0.546273 
-3.034034 -1.249022 0.371154 
1.795867 -0.291219 -1.437510 
0.873698 -1.516171 -3.035480 
-1.377173 1.454511 1.419037 
-2.224600 -0.620243 -0.813313 
-1.262864 1.456018 -1.509978 
-2.070605 -0.718536 1.069411 
-1.603459 0.750734 -1.449029 
0.851900 -0.183277 -0.642267 
0.899649 -0.437629 -0.039598 
-2.371413 -1.719288 0.500854 
1.821351 -1.187816 -1.556483 
0.478269 -2.308542 -2.639341 
-0.753365 0.012143 2.364165 
-1.275688 -1.227329 -0.751272 
-1.783794 0.579812 -1.792942 
-1.376572 -1.217595 0.658166 
-1.381234 -0.232603 -0.455910 
0.485311 -0.422750 -1.059304 
0.685913 1.242539 -0.513185 
-2.264218 0.213586 -0.173784 
1.733457 0.758884 -1.655371 
0.379406 -1.092936 -2.917569 
-0.065953 0.538170 1.754008 
-1.966905 0.433822 -0.065005 
-1.420804 2.123677 -1.332410 
-1.777774 -0.179017 0.642828 
-1.011056 1.259324 -1.144476 
1.229403 0.947294 -1.711193 
0.366633 -0.593130 -0.305558 
-0.626173 -0.879165 0.442941 
2.180140 -0.510056 -0.661393 
-0.489167 -2.246891 -1.646369 
0.439407 0.211025 1.813340 
0.095169 -0.370867 -1.250488 
0.241297 1.285917 -1.186684 
-0.738277 -1.809836 0.277685 
-0.202692 -0.591443 -0.251300 
1.216323 -0.480635 -0.887774 
1.004354 -1.459273 0.672148 
-2.231096 -1.621305 1.690354 
1.782055 -2.202200 -1.288336 
0.939028 -3.062636 -1.990055 
-0.299864 0.208952 1.443679 
-1.357870 -1.598686 -1.001546 
-2.707404 -0.235002 -1.209081 
-3.142330 -0.959061 0.046610 
-1.808612 0.081819 -0.415936 
0.020491 -0.876869 -0.499029 
0.792485 -1.644831 -1.204680 
-1.498027 -1.632437 1.171934 
1.752929 -2.147665 -1.238726 
0.620736 -2.573896 -1.254350 
0.077258 2.051672 1.921167 
-0.566048 -0.551392 -1.888000 
-2.225137 0.119087 -2.383324 
-2.947807 -0.389400 0.469717 
-1.430739 0.224225 0.187458 
0.115297 -1.480998 0.456166 
1.568075 -3.548093 -0.508915 
-2.827310 -1.586140 2.271211 
0.960866 -2.861968 -0.832020 
1.564693 -4.682561 -1.293776 
-0.998248 1.010035 1.731136 
-0.804915 -1.001638 -1.157031 
-2.967019 -0.898948 -2.563062 
-3.910513 -1.544468 -0.532838 
-2.131778 -0.002602 1.167145 
-0.384994 -1.951574 1.008931 
0.502787 -0.484431 -1.101500 
-1.659813 -0.118491 3.128211 
2.173007 -1.504478 -1.606161 
0.623302 -3.130224 -1.833915 
1.014113 3.685058 2.596808 
0.552948 -0.227739 -1.376066 
-3.240166 1.616353 -3.014899 
-4.116146 1.610591 1.281454 
-0.200876 1.368617 0.943326 
-1.206030 0.613611 -0.304120 
0.801765 -1.182129 -1.121191 
-2.327015 -0.777718 1.893523 
0.975260 -1.981697 -0.900813 
1.022272 -2.810389 -1.687419 
-0.521362 2.156287 2.742728 
0.805288 -0.093201 -1.904765 
0.645199 -0.710388 0.281190
-0.429436 -0.032795 0.902502
-0.631905 -0.703046 -0.326225
0.500458 0.668889 -0.549663
0.857389 -0.294837 0.421847
0.120108 -0.682392 -0.721051
0.469286 0.230753 -0.852363
0.877925 -0.018117 0.478455
0.094963 -0.972844 -0.211086
0.668416 -0.064216 -0.741010
0.735940 -0.087234 0.671403
-0.107756 -0.994116 -0.011050
0.533673 -0.019316 -0.845470
0.832391 -0.164608 0.529178
-0.149393 -0.986170 -0.071768
0.673760 -0.230725 -0.702006
0.113220 -0.906556 0.406618
-0.730225 -0.353444 -0.584679
0.749095 -0.154433 -0.644211
0.479706 -0.544214 0.688269
-0.456880 -0.824610 -0.333585
0.167244 0.109446 -0.979822
0.957333 0.219536 0.187928
0.235674 -0.969446 -0.068060
0.179837 0.019924 -0.983495
0.982705 0.041246 0.180528
0.044162 -0.998950 -0.012162
0.915851 0.183857 0.356951
0.389905 -0.194973 -0.899977
-0.095872 0.963422 -0.250253
0.487890 0.298216 -0.820385
0.820930 0.162704 0.547358
0.296711 -0.940529 -0.165433
0.690295 0.574855 -0.439357
-0.069647 -0.551629 -0.831177
-0.720168 0.604357 -0.340750
0.540846 -0.230357 -0.808963
0.836817 0.050179 0.545179
-0.084993 -0.971812 0.219906
-0.117211 -0.285868 -0.951074
0.975865 0.144523 -0.163706
0.184251 -0.947308 0.262029
0.888986 0.247434 -0.385332
-0.214950 -0.517531 -0.828226
-0.404353 0.819108 -0.406892
-0.109884 -0.389251 -0.914554
0.920039 0.308338 -0.241777
0.376104 -0.867993 0.324245
0.966392 -0.205929 -0.153883
0.023022 -0.526865 0.849637
-0.256040 -0.824625 -0.504417
0.622285 0.494346 -0.606946
0.782439 -0.369591 0.501190
0.023440 -0.786781 -0.616787
0.668691 0.282402 0.687824
-0.730714 0.078507 0.678155
0.137514 -0.956078 0.258852
0.857997 -0.372352 -0.353830
-0.016125 -0.708033 0.705995
-0.513402 -0.600036 -0.613494
-0.096984 -0.029525 -0.994848
0.993103 0.063296 -0.098693
0.065884 -0.997558 0.023182
-0.128363 0.085222 -0.988059
0.991463 0.034018 -0.125871
0.022884 -0.995781 -0.088862
0.473583 0.042742 -0.879712
0.879842 0.022374 0.474740
0.039974 -0.998836 -0.027011
0.452641 0.123571 -0.883089
0.884628 -0.186648 0.427312
-0.112023 -0.974624 -0.193799
0.452353 0.322196 -0.831605
0.891821 -0.157519 0.424079
0.005643 -0.933476 -0.358595
0.637094 0.175016 -0.750654
0.758885 -0.312902 0.571127
-0.134925 -0.933521 -0.332165
0.306697 0.065974 -0.949518
0.897319 -0.352730 0.265329
-0.317419 -0.933397 -0.167381
-0.076659 -0.294861 -0.952460
0.980602 0.150542 -0.125529
0.180399 -0.943607 0.277600
0.924372 -0.023391 0.380774
-0.373158 0.152042 0.915225
-0.079301 -0.988097 0.131815
-0.079537 0.082112 -0.993444
0.957079 0.284925 -0.053076
0.278699 -0.955026 -0.101250
0.283749 -0.429890 -0.857135
0.954976 0.207460 0.212089
0.086646 -0.878723 0.469401
0.580516 0.526111 -0.621457
0.786438 -0.164508 0.595360
0.210991 -0.834353 -0.509253
0.660617 -0.164771 -0.732417
-0.627309 -0.657091 -0.417988
-0.412392 0.735583 -0.537448
0.770942 0.577222 -0.269189
-0.447325 0.189865 -0.873986
-0.453375 0.794207 0.404581
0.937190 0.119685 0.327645
-0.332961 0.586944 0.737993
-0.103982 -0.800732 0.589928
0.720906 -0.127100 -0.681278
-0.377024 -0.896767 -0.231652
-0.581504 0.423858 -0.694404
0.670419 -0.064479 -0.739176
0.123297 -0.972685 0.196677
-0.731667 -0.222994 -0.644156
0.866205 -0.484913 -0.120615
0.001859 -0.238253 0.971201
-0.499685 -0.841484 -0.205474
-0.480093 0.313719 -0.819202
0.622180 0.780097 -0.065884
0.618388 -0.541321 -0.569709
-0.009628 0.164510 -0.986328
0.944038 0.326714 0.045278
0.329696 -0.930696 -0.158449
0.038928 0.448445 -0.892962
0.760552 -0.592913 -0.264605
-0.648109 -0.668843 -0.364147
0.505980 0.077907 -0.859020
0.823289 -0.340651 0.454040
-0.257253 -0.936956 -0.236502
0.197828 0.249921 -0.947841
0.978797 0.002022 0.204822
0.053106 -0.968264 -0.244222
0.327957 -0.181924 -0.927010
0.882580 -0.290937 0.369334
-0.336892 -0.939287 0.065148
0.503870 0.213026 -0.837099
0.863679 -0.139024 0.484490
-0.013168 -0.967105 -0.254036
0.396069 0.288568 -0.871698
0.630995 0.604131 0.486694
0.667065 -0.742801 0.057192
0.739365 0.230358 -0.632673
0.672458 -0.299774 0.676710
-0.033773 -0.925781 -0.376549
0.933572 0.213384 -0.287941
0.349784 -0.367493 0.861743
0.078066 -0.905216 -0.417719
0.175152 -0.446846 -0.877297
0.975666 -0.040600 0.215471
-0.131900 -0.893689 0.428862
0.956170 0.062403 -0.286087
0.290699 -0.085098 0.953023
0.035126 -0.994417 -0.099508
0.801893 -0.424318 -0.420621
0.283409 -0.349619 0.892998
-0.525972 -0.835297 -0.160102
-0.059216 -0.208499 -0.976228
0.997611 0.022497 -0.065317
0.035580 -0.977764 0.206668
0.244488 0.260002 -0.934144
0.969084 -0.098489 0.226220
-0.033185 -0.960572 -0.276043
0.728442 0.177138 -0.661811
0.622329 0.232869 0.747314
0.286493 -0.956239 0.059393
0.782131 -0.045945 -0.621418
0.601481 -0.204829 0.772182
-0.162762 -0.977719 -0.132568
0.159402 -0.184313 -0.969855
0.981290 0.137045 0.135237
0.107987 -0.973266 0.202710
0.626376 -0.149674 -0.765017
0.506464 -0.667895 0.545353
-0.592576 -0.729050 -0.342549
0.020702 0.020414 -0.999577
0.999588 0.019450 0.021100
0.019873 -0.999602 -0.020003
0.858859 0.224462 -0.460410
0.471364 0.005394 0.881922
0.200442 -0.974468 -0.101171
0.965883 0.146851 -0.213320
0.119627 0.477567 0.870413
0.229695 -0.866236 0.443706
0.464043 -0.650917 0.600809
-0.040350 0.662021 0.748399
-0.884893 -0.371531 0.280941
0.034053 0.548850 -0.835227
0.934552 0.278688 0.221236
0.354193 -0.788097 -0.503438
0.373289 0.281764 0.883892
-0.466349 0.880625 -0.083773
-0.801982 -0.380930 0.460128
0.766096 0.602003 0.225142
-0.158496 0.516424 -0.841538
-0.622877 0.609015 0.491045
0.759062 -0.155816 -0.632097
0.437523 -0.596879 0.672539
-0.482077 -0.787056 -0.384895
0.558452 0.179810 -0.809814
0.766298 -0.485675 0.420604
-0.317677 -0.855446 -0.409014
0.699441 0.291993 -0.652320
-0.421419 -0.568673 -0.706411
-0.577224 0.768993 -0.274702
0.632318 -0.411521 -0.656372
-0.316874 -0.910520 0.265600
-0.706940 0.040044 -0.706139
-0.335055 0.383270 -0.860722
0.877937 -0.204595 -0.432861
-0.342002 -0.900691 -0.267936
0.715635 0.063402 -0.695591
-0.569933 -0.522705 -0.634000
-0.403786 0.850153 -0.337931
0.142458 -0.228065 -0.963168
0.989734 0.021494 0.141298
-0.011523 -0.973409 0.228786
-0.107584 -0.291745 -0.950426
0.899885 0.377826 -0.217841
0.422650 -0.878711 0.221889
-0.658282 -0.051611 -0.751000
0.735052 0.171114 -0.656063
0.162367 -0.983898 -0.074705
0.373670 -0.410930 0.831569
-0.826043 -0.555229 0.096814
0.421928 -0.723089 -0.546919
0.982679 0.170224 0.073258
0.177773 -0.754232 -0.632084
-0.052342 0.634159 -0.771429
-0.084210 0.146348 -0.985642
0.996212 -0.009147 -0.086471
-0.021670 -0.989191 -0.145024
0.841672 -0.023661 0.539471
-0.504241 -0.391898 0.769518
0.193210 -0.919705 -0.341780
-0.054669 -0.319063 -0.946155
0.997692 0.020752 -0.064645
0.040261 -0.947506 0.317193
-0.023203 0.292779 -0.955899
0.976833 0.210109 0.040642
0.212742 -0.932810 -0.290871
0.695413 -0.718218 0.023759
0.159528 0.186532 0.969410
-0.700680 -0.670350 0.244293
0.728597 -0.509025 -0.458302
0.366712 -0.275237 0.888688
-0.578506 -0.815560 -0.013871
0.316395 0.451414 -0.834338
0.947338 -0.104516 0.302699
0.049441 -0.886173 -0.460710
0.308997 -0.264717 0.913480
-0.407611 0.830938 0.378676
-0.859287 -0.489354 0.148856
0.649001 0.250103 -0.718503
-0.486236 -0.590000 -0.644573
-0.585127 0.767690 -0.261302
0.812984 0.456689 -0.361238
-0.158577 0.770577 0.617304
0.560278 -0.444574 0.698887
0.824247 0.500754 0.264316
-0.562701 0.672348 0.480952
0.063127 -0.545154 0.835956
0.838111 -0.465538 0.284332
-0.475475 -0.367951 0.799084
-0.267384 -0.804914 -0.529735
0.830990 -0.555961 0.019030
-0.492532 -0.719419 0.489743
-0.258587 -0.416345 -0.871659
0.338804 0.324974 0.882952
-0.593348 -0.654507 0.468572
0.730172 -0.682651 -0.028926
0.640913 0.512437 -0.571523
-0.494042 -0.294471 -0.818052
-0.587497 0.806657 0.064435
0.507010 -0.220324 -0.833306
0.851668 0.276863 0.444980
0.132672 -0.935310 0.328015
-0.130384 -0.224396 -0.965736
0.989663 0.029214 -0.140402
0.059719 -0.974060 0.218268
0.426782 -0.037841 -0.903563
0.883754 -0.194591 0.425574
-0.191929 -0.980154 -0.049606
0.905884 0.404149 0.126643
-0.295009 0.387576 0.873358
0.303883 -0.828522 0.470326
0.950785 -0.031294 -0.308268
0.308380 -0.001323 0.951262
-0.030176 -0.999509 0.008393
0.174236 0.020598 -0.984488
0.968252 -0.185575 0.167480
-0.179246 -0.982414 -0.052278
0.953716 -0.251916 -0.164209
0.029080 -0.466250 0.884175
-0.299300 -0.848027 -0.437344
0.019718 0.260495 -0.965274
0.998385 0.046327 0.032897
0.053288 -0.964363 -0.259161
0.913481 0.261680 -0.311572
0.285982 0.131775 0.949131
0.289426 -0.956117 0.045538
0.503525 -0.269111 -0.821000
0.654251 -0.501866 0.565761
-0.564285 -0.822015 -0.076636
0.825910 -0.546331 -0.139270
-0.060661 -0.331692 0.941435
-0.560530 -0.769092 -0.307089
0.346210 0.561331 -0.751695
0.926337 -0.331329 0.179224
-0.148454 -0.758372 -0.634691
0.564209 -0.240171 -0.789928
0.798491 -0.084567 0.596037
-0.209953 -0.967040 0.144061
0.859198 0.327977 0.392695
-0.211602 -0.471018 0.856368
0.465836 -0.818885 -0.335297
0.824568 0.493014 -0.277535
-0.254237 -0.115342 -0.960240
-0.505423 0.862342 0.030235
0.538648 0.151136 -0.828864
0.835173 -0.225513 0.501628
-0.111106 -0.962446 -0.247697
0.804571 0.081706 -0.588209
-0.119657 -0.947871 -0.295336
-0.581677 0.308002 -0.752853
0.898886 0.061244 -0.433882
0.374969 -0.619844 0.689342
-0.226721 -0.782332 -0.580133
0.607871 0.546318 0.576220
-0.605733 -0.150158 0.781370
0.513401 -0.824008 0.239647
0.323402 -0.307920 -0.894761
0.940633 0.001628 0.339422
-0.103058 -0.951411 0.290166
0.622259 -0.360863 0.694674
-0.542052 0.441613 0.714953
-0.564777 -0.821435 0.079192
-0.002276 0.076869 -0.997039
0.985170 0.171233 0.010952
0.171568 -0.982227 -0.076119
0.644638 0.243962 -0.724517
0.760568 -0.300516 0.575523
-0.077323 -0.922048 -0.379274
0.986170 0.158331 0.048991
-0.087767 0.248149 0.964738
0.140590 -0.955695 0.258613
0.360136 -0.893984 0.266635
-0.366755 -0.398475 -0.840660
0.857784 0.204962 -0.471378
-0.016933 0.011129 -0.999795
0.920646 -0.389890 -0.019933
-0.390032 -0.920794 -0.003644
0.665852 0.187715 -0.722083
0.624479 -0.669809 0.401723
-0.408248 -0.718414 -0.563218
0.157314 -0.050569 -0.986253
0.987287 0.031040 0.155887
0.022730 -0.998238 0.054809
0.603982 0.303758 -0.736843
0.485277 0.593228 0.642329
0.632228 -0.745528 0.210892
0.649435 -0.677931 0.344446
-0.370350 0.113628 0.921916
-0.664135 -0.726290 -0.177278
0.537725 0.316089 -0.781626
0.823058 -0.397836 0.405343
-0.182834 -0.861287 -0.474085
-0.132458 -0.256540 -0.957414
0.985720 0.067235 -0.154390
0.103979 -0.964192 0.243971
0.069835 0.253686 -0.964762
0.985709 -0.166171 0.027656
-0.153300 -0.952906 -0.261665
-0.264302 -0.756910 -0.597688
0.485293 -0.639929 0.595804
-0.833448 -0.132582 0.536457
0.594684 -0.750897 -0.287236
0.798923 0.591885 0.106747
0.089855 -0.292960 0.951893
0.801965 -0.585740 -0.117306
0.219061 0.105671 0.969972
-0.555755 -0.803581 0.213057
0.723388 -0.048899 -0.688708
0.682276 -0.102324 0.723898
-0.105869 -0.993549 -0.040658
-0.234574 -0.406912 -0.882835
0.933305 0.159726 -0.321604
0.271876 -0.899395 0.342305
0.618953 -0.314990 -0.719499
0.581807 -0.431516 0.689416
-0.527635 -0.845325 -0.083825
0.057634 -0.443784 -0.894279
0.966680 -0.198983 0.161045
-0.249415 -0.873763 0.417529
0.126052 -0.053632 -0.990573
0.991292 -0.031535 0.127851
-0.038094 -0.998063 0.049190
-0.192964 -0.316208 -0.928858
0.953645 0.162352 -0.253383
0.230924 -0.934695 0.270222
-0.078910 -0.333413 -0.939473
0.994297 -0.094142 -0.050105
-0.071738 -0.938069 0.338941
0.398341 0.286540 -0.871332
0.915866 -0.176188 0.360760
-0.050146 -0.941729 -0.332615
0.484939 -0.252429 -0.837326
0.874539 0.135695 0.465583
-0.003906 -0.958054 0.286563
0.319250 0.092545 -0.943141
0.942518 -0.134648 0.305827
-0.098690 -0.986562 -0.130212
0.409876 0.122143 -0.903926
0.888545 -0.277413 0.365416
-0.206128 -0.952955 -0.222235
-0.118501 0.049741 -0.991707
0.976348 0.187727 -0.107249
0.180836 -0.980961 -0.070810
0.303543 -0.274781 -0.912336
0.921074 0.329717 0.207145
0.243893 -0.903207 0.353177
0.227400 0.102154 -0.968429
0.952831 -0.228612 0.199623
-0.201002 -0.968143 -0.149322
0.901419 0.183493 -0.392139
0.255544 0.505640 0.824030
0.349485 -0.843005 0.408903
-0.101913 -0.106315 -0.989096
0.988299 0.102606 -0.112859
0.113486 -0.989024 0.094614
0.137990 0.441532 -0.886571
0.990420 -0.056800 0.125866
0.005217 -0.895446 -0.445140
0.799962 -0.137296 -0.584133
0.599669 0.217671 0.770076
0.021420 -0.966317 0.256460
0.728778 0.478338 -0.489975
0.403754 -0.878110 -0.256721
-0.553051 -0.010737 -0.833078
0.590213 0.114685 -0.799059
0.803654 0.009817 0.595016
0.076084 -0.993353 -0.086373
0.313507 0.254290 -0.914904
0.755908 -0.649970 0.078370
-0.574732 -0.716153 -0.395990
-0.160601 -0.007034 -0.986994
0.986907 -0.016228 -0.160471
-0.014888 -0.999844 0.009548
0.862752 -0.401933 0.306772
-0.498601 -0.575488 0.648237
-0.084005 -0.712224 -0.696907
0.685276 0.092714 -0.722358
0.636434 0.405945 0.655866
0.354045 -0.909183 0.219178
0.970778 -0.234585 0.050597
-0.015602 0.148697 0.988760
-0.239472 -0.960656 0.140692
-0.148310 0.067421 -0.986640
0.986873 -0.054401 -0.152062
-0.063926 -0.996240 -0.058468
0.300557 -0.354258 -0.885532
0.951700 0.172445 0.254028
0.062714 -0.919110 0.388977
0.921773 0.339595 -0.187111
0.085299 0.293146 0.952255
0.378232 -0.893723 0.241247
0.828756 0.054221 -0.556977
-0.035135 -0.988290 -0.148487
-0.558506 0.142629 -0.817146
-0.185459 0.117635 -0.975585
0.628943 -0.748601 -0.209828
-0.755007 -0.652502 0.064849
0.809960 0.169046 -0.561594
0.585671 -0.283562 0.759330
-0.030885 -0.943936 -0.328680
-0.199019 0.243576 -0.949243
0.979425 0.016375 -0.201145
-0.033450 -0.969743 -0.241824
0.609635 0.275788 0.743159
-0.783108 0.064270 0.618556
0.122828 -0.959067 0.255153
0.514226 -0.035754 -0.856909
0.852912 0.126241 0.506561
0.090065 -0.991355 0.095412
0.416042 -0.484985 0.769219
-0.709229 0.356361 0.608277
-0.569126 -0.798621 -0.195704
0.360914 0.362302 -0.859348
0.882404 0.165566 0.440400
0.301836 -0.917238 -0.259942
0.592112 -0.445658 -0.671411
0.502249 -0.447470 0.739943
-0.630198 -0.775344 -0.041121
0.879849 0.137070 -0.455058
0.446709 0.088321 0.890309
0.162226 -0.986616 0.016479
0.837293 0.539546 -0.088491
0.501602 -0.693616 0.517004
0.217569 -0.477271 -0.851397
0.816952 0.262049 -0.513732
-0.271961 -0.610478 -0.743878
-0.508554 0.747427 -0.427464
0.700551 0.261465 -0.663976
-0.513972 -0.460595 -0.723661
-0.495036 0.848227 -0.188285
0.960781 0.181872 -0.209339
0.268531 -0.798609 0.538623
-0.069220 -0.573713 -0.816126
0.056285 -0.003546 -0.998408
0.998385 0.007930 0.056256
0.007718 -0.999962 0.003987
0.177461 -0.406713 -0.896154
0.221378 -0.870772 0.439031
-0.958905 -0.276300 -0.064491
0.792516 -0.021022 0.609489
-0.605719 0.089024 0.790683
-0.070881 -0.995808 0.057819
0.025278 -0.107741 -0.993858
0.951959 -0.300905 0.056832
-0.305180 -0.947549 0.094959
0.089771 -0.235425 -0.967738
0.987560 0.146988 0.055851
0.129097 -0.960713 0.245692
0.398778 0.337335 -0.852749
0.883279 0.108728 0.456066
0.246565 -0.935085 -0.254602
0.796617 -0.558458 -0.231357
0.319238 0.063666 0.945534
-0.513312 -0.827086 0.228999
-0.328204 0.264231 -0.906898
0.672029 -0.609380 -0.420752
-0.663822 -0.747554 0.022430
0.438662 -0.045553 -0.897497
0.843800 -0.322699 0.428796
-0.309155 -0.945405 -0.103118
-0.004547 -0.190489 -0.981679
0.997729 -0.066842 0.008349
-0.067208 -0.979411 0.190361
0.433574 0.466057 0.771235
-0.723860 -0.329608 0.606123
0.536693 -0.821066 0.194451
0.708455 0.123112 -0.694936
0.705041 -0.079153 0.704735
0.031755 -0.989231 -0.142875
0.879858 0.402110 -0.253294
0.218559 0.130900 0.967004
0.421998 -0.906186 0.027289
-0.078592 -0.176136 -0.981223
0.996583 -0.038953 -0.072830
-0.025394 -0.983595 0.178596
-0.030569 -0.197919 -0.979742
0.995560 -0.093331 -0.012209
-0.089024 -0.975765 0.199893
0.949748 0.243276 0.196968
-0.234815 0.137635 0.962247
0.206982 -0.960142 0.187844
0.926309 -0.273814 -0.258801
0.303074 0.133455 0.943576
-0.223826 -0.952479 0.206606
-0.322631 -0.042117 -0.945587
0.942682 -0.104226 -0.316998
-0.085204 -0.993661 0.073329
-0.203836 -0.141045 -0.968792
0.978127 -0.071237 -0.195429
-0.041450 -0.987437 0.152480
0.447772 0.146955 -0.881989
0.876282 -0.268320 0.400168
-0.177849 -0.952055 -0.248921
-0.018098 0.260151 -0.965398
0.987748 0.154339 0.023073
0.155001 -0.953153 -0.259757
0.094364 -0.050526 -0.994255
0.877830 -0.466859 0.107039
-0.469585 -0.882887 0.000299
-0.230818 -0.299873 -0.925635
0.905892 0.280942 -0.316910
0.355082 -0.911673 0.206806
-0.161121 0.157227 -0.974330
0.964298 0.235309 -0.121490
0.210167 -0.959119 -0.189527
-0.721373 0.126571 -0.680883
0.689031 0.230108 -0.687231
0.069693 -0.964899 -0.253206
0.980476 0.190928 0.047040
-0.104849 0.305246 0.946484
0.166352 -0.932937 0.319306
0.794570 -0.019578 -0.606857
0.602802 -0.094277 0.792301
-0.072724 -0.995353 -0.063108
0.249376 0.152119 -0.956384
0.968064 -0.012873 0.250374
0.025775 -0.988278 -0.150471
0.765669 -0.131238 -0.629705
-0.217925 -0.973995 -0.061986
-0.605194 0.184689 -0.774358
0.515394 -0.070199 -0.854073
0.848028 -0.101683 0.520104
-0.123355 -0.992337 0.007124
0.678903 -0.085697 -0.729210
0.721192 -0.108490 0.684188
-0.137745 -0.990397 -0.011850
0.442074 0.843267 -0.305731
0.789780 -0.204350 0.578349
0.425227 -0.497134 -0.756334
0.557792 0.240674 -0.794320
0.829966 -0.155943 0.535573
0.005030 -0.957997 -0.286735
-0.075423 -0.090236 -0.993060
0.992978 -0.097823 -0.066527
-0.091141 -0.991104 0.096981
0.215749 -0.394297 -0.893299
0.860699 -0.355253 0.364682
-0.461140 -0.847541 0.262726
0.584552 -0.110460 -0.803802
0.795092 -0.119383 0.594623
-0.161642 -0.986684 0.018040
0.561794 0.611820 -0.556834
-0.346469 0.785224 0.513208
0.751230 -0.095392 0.653111
0.011537 0.275610 -0.961200
0.997124 -0.075182 -0.009589
-0.074908 -0.958325 -0.275685
-0.260902 0.036881 -0.964660
0.965217 0.027453 -0.260004
0.016894 -0.998942 -0.042760
-0.037225 0.274443 -0.960882
0.912087 0.402207 0.079542
0.408304 -0.873447 -0.265288
0.627199 -0.223483 -0.746108
0.682114 -0.304790 0.664698
-0.375955 -0.925828 -0.038724
0.582929 -0.590145 -0.558500
0.715569 0.047248 0.696943
-0.384909 -0.805913 0.449832
0.413624 -0.095669 0.905407
-0.813375 0.407986 0.414690
-0.409067 -0.907962 0.090939
0.199928 0.149884 -0.968279
0.979322 -0.061780 0.192645
-0.030946 -0.986772 -0.159136
0.543149 -0.097053 -0.834009
0.397251 -0.845387 0.357088
-0.739717 -0.525263 -0.420616
0.533739 0.037592 -0.844813
0.822065 0.211225 0.528766
0.198324 -0.976714 0.081836
0.902304 -0.178027 -0.392625
0.152557 -0.719957 0.677044
-0.403205 -0.670797 -0.622460
0.391436 0.110155 -0.913588
0.912152 0.084617 0.401023
0.121480 -0.990306 -0.067356
0.849250 -0.304542 0.431310
-0.467606 -0.054469 0.882257
-0.245192 -0.950940 -0.188663
-0.168106 -0.024942 -0.985453
0.963466 -0.215604 -0.158898
-0.208504 -0.976162 0.060275
0.797320 0.128496 -0.589719
0.599719 -0.058674 0.798056
0.067946 -0.989973 -0.123844
0.880552 0.178906 -0.438886
0.378069 -0.823588 0.422808
-0.285818 -0.538234 -0.792851
0.274139 0.026396 -0.961328
0.961672 -0.001490 0.274197
0.005805 -0.999650 -0.025793
-0.121143 -0.198483 -0.972589
0.980692 0.127599 -0.148193
0.153515 -0.971763 0.179193
0.229074 -0.865547 -0.445370
0.687750 -0.179872 0.703311
-0.688858 -0.467413 0.554075
0.955179 -0.004819 -0.295989
0.289419 0.225305 0.930309
0.062205 -0.974277 0.216601
0.960156 -0.125416 -0.249742
0.132778 -0.581617 0.802553
-0.245907 -0.803736 -0.541791
-0.296643 -0.135195 -0.945370
0.921131 -0.301758 -0.245884
-0.252031 -0.943750 0.214047
0.520987 0.081988 -0.849618
0.318305 -0.942238 0.104260
-0.791994 -0.324756 -0.516991
-0.085245 -0.069349 -0.993944
0.977362 -0.199699 -0.069890
-0.193643 -0.977400 0.084802
0.728817 0.108835 -0.676003
0.609205 -0.553757 0.567646
-0.312561 -0.825535 -0.469891
0.628386 -0.047217 -0.776467
0.636956 -0.541771 0.548426
-0.446562 -0.839199 -0.310367
0.611126 -0.690027 -0.387800
-0.673084 -0.710839 0.204123
-0.416513 0.136277 -0.898858
0.202659 0.289971 -0.935332
0.975955 0.018473 0.217188
0.080256 -0.956857 -0.279255
0.717789 -0.631343 -0.293573
0.122800 -0.300239 0.945926
-0.685346 -0.715026 -0.137980
0.634922 0.499388 -0.589479
-0.453378 -0.376963 -0.807680
-0.625558 0.780071 -0.012931
0.828861 -0.385266 -0.405659
0.244744 -0.402329 0.882175
-0.503081 -0.830483 -0.239183
0.260156 0.093132 -0.961065
0.963365 0.042135 0.264861
0.065162 -0.994762 -0.078758
0.334213 -0.384453 -0.860522
-0.427615 -0.875495 0.225064
-0.839909 0.292752 -0.457000
0.820396 -0.007081 -0.571752
0.451432 -0.605685 0.655252
-0.350941 -0.795673 -0.493705
0.557877 0.389484 -0.732855
0.811248 -0.069642 0.580540
0.175074 -0.918397 -0.354819
0.626149 0.527205 -0.574450
-0.777511 0.366977 -0.510690
-0.058428 0.766410 0.639689
0.624327 -0.070576 -0.777968
0.753497 -0.208290 0.623584
-0.206053 -0.975518 -0.076863
0.524600 0.816986 -0.239435
0.412379 0.002196 0.911010
0.744808 -0.576654 -0.335755
0.965653 -0.184395 0.183063
-0.041396 -0.804718 -0.592213
0.256515 0.564294 -0.784712
0.342188 -0.074041 -0.936710
0.939063 0.061618 0.338178
0.032679 -0.995350 0.090615
0.930834 0.041302 -0.363100
-0.292591 -0.511062 -0.808211
-0.218947 0.858551 -0.463630
0.257426 0.049192 -0.965045
0.963444 -0.089769 0.252423
-0.074214 -0.994747 -0.070503
0.655987 0.123932 -0.744528
0.186622 -0.982431 0.000896
-0.731337 -0.139533 -0.667590
0.605952 -0.751106 0.262035
-0.779197 -0.494061 0.385688
-0.160231 -0.437885 -0.884637
0.617903 0.596837 -0.511841
-0.779648 0.380893 -0.497061
-0.101707 0.706191 0.700678
0.348479 -0.355038 -0.867474
0.552799 -0.669551 0.496101
-0.756952 -0.652419 -0.037060
-0.235248 0.228590 -0.944672
0.966441 -0.048181 -0.252328
-0.103195 -0.972330 -0.209585
0.176578 0.208344 -0.961984
0.981243 -0.114060 0.155410
-0.077345 -0.971382 -0.224576
0.541057 -0.267005 -0.797475
0.735341 -0.309935 0.602672
-0.408082 -0.912496 0.028647
0.964333 -0.263025 0.029652
0.029725 0.218931 0.975287
-0.263017 -0.939621 0.218941
0.955234 -0.295760 -0.007310
-0.229020 -0.754870 0.614590
-0.187290 -0.585403 -0.788813
0.700115 0.096151 -0.707526
0.713964 -0.107717 0.691847
-0.009691 -0.989521 -0.144063
